000057
[2,2,1,1,2,1,1,1,1,1]
[1,1,2,1,1,2,1,1,1,2]
[2,1,0,0,0,0,0,0,0,0]
[2,2,2,1,1,1,1,1,1,1]
000071
[4,1,2,1,1,1,1,1,2,2]
[4,1,1,2,1,2,1,1,2,1]
[4,0,1,1,0,1,0,1,0,0]
[4,2,2,2,1,1,1,1,1,1]
000163
[5,2,2,2,2,2,2,2,1,1]
[5,2,2,2,1,2,1,2,2,2]
[5,2,1,0,5,1,0,0,1,1]
[5,5,2,2,2,2,2,2,2,2]
000456

000542
[2,2,1,2,2,1,1,2,1,1]
[2,2,1,1,1,2,1,2,2,1]
[2,0,0,0,0,0,0,0,1,0]
[2,2,2,2,2,1,1,1,1,1]
000556
[4,4,1,2,2,1,1,1,2,1]
[2,4,1,1,2,1,4,1,2,1]
[4,0,1,1,1,1,0,0,0,0]
[4,4,2,2,2,1,1,1,1,1]
000738
[3,3,3,2,2,1,2,2,1,1]
[2,2,2,3,2,3,3,1,1,1]
[3,0,0,2,0,0,1,2,0,0]
[3,3,3,2,2,2,2,2,2,1]
001150
[8,6,5,5,4,5,4,3,3,3]
[8,6,5,5,4,4,3,3,3,5]
[8,2,0,0,2,0,2,0,2,0]
[8,6,5,5,5,4,4,3,3,3]
001763
[8,4,3,3,4,3,4,3,5,3]
[8,4,3,3,3,5,3,3,4,4]
[8,0,1,0,2,0,0,0,0,0]
[8,5,4,4,4,3,3,3,3,3]
004545
[12,6,6,4,4,6,5,5,3,3]
[12,6,6,3,3,4,4,5,6,5]
[12,3,3,1,1,2,3,0,0,0]
[12,6,6,6,5,5,4,4,3,3]